1,0.088123427,0.218769921,0.18274208,0.17356523,0.02468054,0.190803148,0.083174882,0.151056521,0.145799162,0.12693002,0.161806672,0.066418113,0.046302175,0.090905735,0.034861592,0.030770949,0.151838732,0.250370745,0.013380271,0.221395219,0.009843861,0.045997713,0.048100872,0.073394258,0.17572242,0.100520441,0.244293347,0.09775884,0.036922191,0.110351686,0.044714391,0.12511793,0.034408429,0.05856366,0.084739482,0.33719204,0.086651814,0.126611021,0.211963295,0.070499544,0.075162028,0.02085057,0.046064235,0.102017251,0.018411728,0.155648017,0.176397739,0.024669338,0.192180098,0.108647546,0.04981856,0.076110057,0.118944631,0.152802474,0.048683371,0.01726762,0.159060952,0.16058798,0.007461202,0.092743304,0.093190686,0.118839896,0.024032943,0.19792446,0.127157825,0.010363493,0.014517182,0.059054629,0.256970766,0.054801829,0.22040948,0.007634951,0.014577024,0.139109429,0.022086211,0.016946698,0.017081658,0.046716986,0.021741533,0.031380948,0.131762319,0.248451079,0.007588206
0.088123427,1,0.116784704,0.218077579,0.230110154,0.122052207,0.150838641,0.127785945,0.21306556,0.082449877,0.23438398,0.230895888,0.102054902,0.051483709,0.024270132,0.129660796,0.029488793,0.14969282,0.155017928,0.030104533,0.167285831,0.028780776,0.175956515,0.185446668,0.242397445,0.17562559,0.13497612,0.05845256,0.144354459,0.253630302,0.099257062,0.140881462,0.02176542,0.110950639,0.241209511,0.07857582,0.049021775,0.112045589,0.168766565,0.121210241,0.103065473,0.277382222,0.112219516,0.066038307,0.024266147,0.126431361,0.129673609,0.056233297,0.207693131,0.082294211,0.787306539,0.177606314,0.077809036,0.205430385,0.226504199,0.21862317,0.080934985,0.108968784,0.172828465,0.022605643,0.219498637,0.704259423,0.019281534,0.082160059,0.075006723,0.0899613,0.057211187,0.121455886,0.152978511,0.178909708,0.191848289,0.071007854,0.071517026,0.136031982,0.135194864,0.175209797,0.045497027,0.093550139,0.225066153,0.081263903,0.094472954,0.255674584,0.120085811,0.071008483
0.218769921,0.116784704,1,0.247675294,0.264881177,0.019029357,0.1740607,0.082754494,0.11480018,0.181710639,0.146367851,0.151723445,0.092423447,0.063750152,0.177390137,0.04965757,0.091231255,0.152707769,0.188784029,0.035836421,0.089159081,0.010284705,0.062279665,0.051019121,0.120372381,0.24023269,0.094531627,0.251702824,0.249077829,0.066064209,0.143293225,0.053774392,0.198202831,0.01620172,0.068834728,0.091645828,0.080478692,0.081576238,0.215300209,0.212107707,0.13809914,0.102243247,0.034424022,0.009389167,0.109610169,0.017873586,0.216135733,0.191046273,0.060679219,0.207758906,0.154756956,0.068026986,0.03529881,0.168183198,0.160601447,0.129199067,0.007715626,0.234746106,0.316918464,0.033305586,0.123852901,0.1147234,0.196798562,0.045524128,0.303257494,0.187421106,0.012427746,0.010958647,0.066577215,0.22959322,0.117126935,0.181472239,0.006397666,0.01222363,0.158701139,0.02864302,0.007377648,0.044536238,0.075947996,0.014576092,0.055022508,0.125614961,0.269651451,0.010498258
0.18274208,0.218077579,0.247675294,1,0.299754184,0.046860373,0.190555115,0.090639281,0.204314004,0.198970802,0.25187145,0.164156721,0.096044578,0.030622422,0.086601507,0.063102618,0.010821373,0.19089997,0.246128325,0.021037755,0.173013504,0.018932727,0.14987384,0.129510644,0.223906446,0.255250312,0.209418879,0.187646324,0.211968786,0.160587256,0.097109036,0.120317949,0.106204903,0.07477913,0.182458243,0.065172798,0.072199884,0.122534658,0.262358161,0.179412407,0.059780487,0.242573181,0.049078102,0.036174336,0.05292256,0.046323273,0.241443851,0.161526469,0.075856138,0.177777708,0.242504362,0.122177186,0.076597061,0.347513323,0.232520947,0.199746075,0.03247453,0.198657085,0.293225106,0.020787901,0.210395357,0.234944223,0.078553646,0.032768171,0.199297939,0.234035566,0.034714051,0.043030675,0.101534321,0.287022683,0.204864292,0.087372477,0.018603135,0.046094802,0.123941407,0.095484332,0.029344857,0.018025455,0.174075028,0.051458916,0.053185424,0.240656814,0.17725487,0.034859061
0.17356523,0.230110154,0.264881177,0.299754184,1,0.072219903,0.221040672,0.128021218,0.200130428,0.13630876,0.260656457,0.208442915,0.150266866,0.036575355,0.064129299,0.109976555,0.014179195,0.229803626,0.177473967,0.05449312,0.191870222,0.024579469,0.135903042,0.147881632,0.305919893,0.320511699,0.153223252,0.159656552,0.224331019,0.209411413,0.16109538,0.137283763,0.067491493,0.051032059,0.204117334,0.106833784,0.073101149,0.137446571,0.277478896,0.225745817,0.121425915,0.221654291,0.086598583,0.033284932,0.053783773,0.061556174,0.228872398,0.110942377,0.088165254,0.114899683,0.274210581,0.19874674,0.079601875,0.234605757,0.27089404,0.200034586,0.042367778,0.183248798,0.264706559,0.006340399,0.252675323,0.293607521,0.061983538,0.071375778,0.194973425,0.13746125,0.038445095,0.060857592,0.157144099,0.265046217,0.2464731,0.113447384,0.025435119,0.075648966,0.216292624,0.100525467,0.038424199,0.03436387,0.181129803,0.063556392,0.11269379,0.229362419,0.200692911,0.092815728
0.02468054,0.122052207,0.019029357,0.046860373,0.072219903,1,0.045704382,0.067714932,0.101460201,0.027441144,0.115578338,0.077316024,0.063924986,0.025023914,0.033171754,0.12449078,0.009594094,0.078526801,0.030035823,0.049357717,0.116418347,0.156501103,0.073649067,0.204844192,0.105825083,0.045552954,0.05330814,0.021278858,0.044783041,0.095389805,0.032578752,0.120507684,0.056737426,0.145862203,0.226943959,0.031193412,0.012524274,0.090153203,0.04722219,0.031559259,0.055304447,0.167906952,0.175884101,0.267358899,0.017990304,0.712440408,0.026781216,0.008454816,0.136208724,0.012635262,0.094693188,0.143392264,0.090926016,0.053275745,0.084904187,0.046756994,0.239836257,0.037787392,0.030420595,0.051437281,0.075812454,0.133922752,0.041133869,0.06250553,0.010022235,0.032879314,0.115064051,0.767270944,0.125913998,0.035539658,0.056629722,0.014836474,0.187392642,0.795149408,0.04412281,0.228508342,0.207963147,0.102270673,0.097298507,0.062233962,0.1112451,0.149839662,0.025707107,0.170514979
0.190803148,0.150838641,0.1740607,0.190555115,0.221040672,0.045704382,1,0.172524019,0.249130713,0.091903111,0.212443532,0.232999555,0.142850329,0.013997463,0.040280689,0.096034442,0.013971459,0.240812976,0.188339962,0.0340722,0.189279656,0.030729952,0.077382558,0.128396845,0.137097894,0.188998353,0.104873049,0.119673598,0.081901793,0.075213113,0.12632049,0.114534325,0.052610643,0.03937117,0.143043891,0.084809167,0.113326112,0.165827279,0.111787703,0.227182716,0.12523861,0.141610128,0.094402166,0.03630376,0.019952042,0.046212,0.130022684,0.0873286,0.045332479,0.078932357,0.164900588,0.1603447,0.105265848,0.128514454,0.259310468,0.091843449,0.029446303,0.091470947,0.139918712,0.009141677,0.138283973,0.159723791,0.045944477,0.043204916,0.114980953,0.088750587,0.03304131,0.051692375,0.150147834,0.227457457,0.099560769,0.216535226,0.027116567,0.051541609,0.222187692,0.076767849,0.023821458,0.04506617,0.090013666,0.030686827,0.086075342,0.220409201,0.265300409,0.026625162
0.083174882,0.127785945,0.082754494,0.090639281,0.128021218,0.067714932,0.172524019,1,0.158846692,0.034691414,0.108911234,0.182382759,0.217208604,0.038646095,0.00933071,0.214031401,0.020894073,0.233898971,0.05880219,0.09698052,0.15594505,0.048508519,0.038424718,0.102780028,0.111217929,0.089194405,0.047455752,0.040186552,0.053976222,0.086100566,0.157419574,0.220528262,0.02594128,0.019927687,0.114760496,0.088814783,0.080545416,0.097847841,0.051662139,0.114113312,0.27119755,0.113189557,0.145795273,0.045583436,0.008042715,0.062314453,0.069417554,0.023798335,0.049944263,0.037343891,0.154747292,0.168244617,0.10105248,0.053581384,0.205758564,0.0578867,0.054669005,0.035880244,0.056408695,0.026021757,0.066552293,0.124233398,0.010857833,0.127765967,0.04169969,0.022032066,0.027041933,0.062825,0.270793079,0.080627529,0.06315248,0.179400621,0.062733992,0.066384442,0.289548155,0.053071775,0.049499138,0.146842143,0.05793148,0.022514281,0.266041934,0.12196724,0.219004331,0.023357998
0.151056521,0.21306556,0.11480018,0.204314004,0.200130428,0.101460201,0.249130713,0.158846692,1,0.074334666,0.227960396,0.253088102,0.128672914,0.0203253,0.021587636,0.10791653,0.009222069,0.213024131,0.174666533,0.034298625,0.232651059,0.037632664,0.099129673,0.165439646,0.152587342,0.165203598,0.110107379,0.092357834,0.076848514,0.085428641,0.075078269,0.118436188,0.02391324,0.057844249,0.188756863,0.053211188,0.085016217,0.140593554,0.113003301,0.138747317,0.110340324,0.21474646,0.123145083,0.06559534,0.021761944,0.089750516,0.100635119,0.078285028,0.063337812,0.073323122,0.196422961,0.168128096,0.094348028,0.136530544,0.273055478,0.09252502,0.050214044,0.069255651,0.119486038,0.014108264,0.136258114,0.201509494,0.021761445,0.042584397,0.080444921,0.090842214,0.037691889,0.090802983,0.148420048,0.212569715,0.114955859,0.134134974,0.037568861,0.103565203,0.145414746,0.128666583,0.047445795,0.059146935,0.109985648,0.036427548,0.080999944,0.297799061,0.166352407,0.030006117
0.145799162,0.082449877,0.181710639,0.198970802,0.13630876,0.027441144,0.091903111,0.034691414,0.074334666,1,0.103174457,0.075465966,0.03200816,0.081326633,0.138012927,0.018166266,0.042445506,0.083369757,0.167473472,0.014267239,0.067907754,0.010781313,0.107117822,0.049123328,0.079446785,0.136109298,0.149526724,0.086049662,0.251232085,0.081387505,0.064337348,0.032677056,0.101406764,0.037359735,0.061735288,0.050618733,0.064765168,0.08142433,0.20475618,0.108892914,0.034500682,0.120721952,0.019246155,0.043634168,0.117667053,0.021279237,0.218585336,0.278913874,0.049677855,0.264916733,0.104124535,0.038989929,0.025926879,0.184140546,0.076039755,0.137280559,0.007568958,0.295855032,0.203763362,0.031641327,0.163990375,0.081636187,0.108830016,0.024762892,0.134662776,0.398009257,0.014383524,0.012108102,0.019534433,0.152528276,0.113844164,0.047320708,0.007692734,0.012257885,0.056067911,0.028966147,0.00716432,0.016188302,0.069807235,0.015424071,0.01803284,0.112037173,0.091477508,0.013897261
0.12693002,0.23438398,0.146367851,0.25187145,0.260656457,0.115578338,0.212443532,0.108911234,0.227960396,0.103174457,1,0.237208348,0.145162821,0.019997558,0.04234144,0.132558047,0.016842527,0.19660307,0.187791446,0.065255423,0.229413699,0.047706897,0.155348016,0.241874014,0.240396224,0.234740232,0.165555151,0.064879001,0.09877106,0.187787054,0.098234657,0.147284356,0.04417494,0.130800102,0.254930336,0.079363993,0.064864884,0.228263346,0.165758249,0.175527226,0.084970678,0.244077253,0.11656955,0.087818164,0.015976291,0.132140372,0.175479039,0.087303202,0.129309898,0.065331619,0.235657652,0.202053805,0.122252525,0.21705158,0.262233517,0.17495501,0.070533903,0.092080904,0.159921341,0.007482381,0.227534579,0.283354854,0.039491455,0.04573259,0.098103723,0.114200651,0.108545069,0.122439489,0.158250814,0.224412897,0.20828661,0.113142324,0.056910669,0.13745477,0.154941116,0.185129917,0.062138549,0.058485695,0.193424795,0.06866664,0.105387719,0.309707618,0.137382354,0.071930308
0.161806672,0.230895888,0.151723445,0.164156721,0.208442915,0.077316024,0.232999555,0.182382759,0.253088102,0.075465966,0.237208348,1,0.134977905,0.034376983,0.035049822,0.141659236,0.040799005,0.202962515,0.138827911,0.0439166,0.247312271,0.030458547,0.073802561,0.149631497,0.179908275,0.212235492,0.083438032,0.089888812,0.093554316,0.102317011,0.118255924,0.145234826,0.040446195,0.047735809,0.158740916,0.124039665,0.11865325,0.175745395,0.12640191,0.203507425,0.152634039,0.172315238,0.093509873,0.043445977,0.013677565,0.074453082,0.214624548,0.05528117,0.07003672,0.067232453,0.239577751,0.149724578,0.093992556,0.126366155,0.269260362,0.103928245,0.046666971,0.114562009,0.151637039,0.02230493,0.175511419,0.222174088,0.036036963,0.076901678,0.088303672,0.079612729,0.040597774,0.082042423,0.185568488,0.19474891,0.103433683,0.181272142,0.035343918,0.095749413,0.194616511,0.104793371,0.029171436,0.103864408,0.145348466,0.036589171,0.114309863,0.215183032,0.183679498,0.028146896
0.066418113,0.102054902,0.092423447,0.096044578,0.150266866,0.063924986,0.142850329,0.217208604,0.128672914,0.03200816,0.145162821,0.134977905,1,0.020761157,0.024446282,0.221829236,0.024864988,0.308494875,0.06041591,0.203950979,0.173758197,0.074955459,0.052425464,0.145189236,0.144644258,0.130797446,0.0515616,0.034705235,0.038012453,0.080414128,0.234121787,0.152835396,0.023717852,0.024693819,0.150516587,0.086489282,0.058754357,0.091817162,0.074449203,0.156276938,0.220444429,0.128637763,0.174631704,0.060315629,0.01475856,0.063956152,0.069276949,0.038635601,0.053033856,0.024539406,0.129282057,0.253066948,0.077978494,0.073800787,0.194397067,0.065523366,0.068340756,0.041070134,0.052223082,0.005378471,0.105909625,0.111032291,0.024758087,0.200988821,0.041132508,0.035216231,0.03353275,0.067611713,0.19181093,0.075984833,0.222983544,0.086178598,0.074001161,0.071154913,0.255980428,0.072563773,0.059968577,0.197567805,0.082114728,0.03007701,0.206563318,0.155903155,0.137698134,0.038064395
0.046302175,0.051483709,0.063750152,0.030622422,0.036575355,0.025023914,0.013997463,0.038646095,0.0203253,0.081326633,0.019997558,0.034376983,0.020761157,1,0.116245268,0.020342961,0.141251178,0.059185933,0.036099785,0.006553044,0.032330251,0.005975522,0.009988128,0.013975748,0.020403392,0.021409225,0.021779817,0.084793346,0.133957532,0.050602432,0.056655421,0.023468409,0.075799261,0.0202335,0.05355512,0.051700221,0.029438713,0.02076338,0.073914351,0.042248615,0.039804345,0.047339358,0.022254501,0.004570389,0.42467305,0.030206936,0.067782349,0.068288957,0.02123223,0.110956143,0.053874268,0.023721255,0.008847257,0.02642327,0.035484809,0.041840391,0.069510312,0.135280227,0.077935954,0.044677918,0.029381109,0.020718969,0.113156588,0.03816912,0.04571349,0.078368664,0.0332125,0.012936716,0.033056999,0.049934725,0.023616764,0.01823003,0.005485381,0.021542415,0.024873966,0.014735987,0.052340045,0.046067866,0.028676369,0.046148346,0.00523449,0.026947027,0.039767716,0.023187202
0.090905735,0.024270132,0.177390137,0.086601507,0.064129299,0.033171754,0.040280689,0.00933071,0.021587636,0.138012927,0.04234144,0.035049822,0.024446282,0.116245268,1,0.020571375,0.082316069,0.035553819,0.100218269,0.020976189,0.015500619,0.005379971,0.024810495,0.009608168,0.027119501,0.064768822,0.031548111,0.119025615,0.160758312,0.021603115,0.027874651,0.011890632,0.489813984,0.00601508,0.065429243,0.020956205,0.027880141,0.014477932,0.108494793,0.069025592,0.02824179,0.017791403,0.004292273,0.004330632,0.184844124,0.029827849,0.090458426,0.192700496,0.007711548,0.211767906,0.037134887,0.010120035,0.025086499,0.07869698,0.029193222,0.049866299,0.003974989,0.197603425,0.128940273,0.024036278,0.048504581,0.028272,0.600842993,0.006371582,0.173582048,0.117840579,0.005816253,0.042707014,0.007832937,0.084682161,0.036671927,0.057190394,0.004045634,0.042558407,0.044630366,0.006166524,0.003807817,0.01716635,0.020420322,0.005872582,0.023806079,0.037140301,0.059691436,0.003597161
0.034861592,0.129660796,0.04965757,0.063102618,0.109976555,0.12449078,0.096034442,0.214031401,0.10791653,0.018166266,0.132558047,0.141659236,0.221829236,0.020342961,0.020571375,1,0.01975562,0.152958868,0.038356134,0.144396602,0.134298247,0.062462913,0.048812445,0.156564003,0.12348072,0.083352285,0.057211991,0.018018391,0.019246332,0.0919686,0.152227053,0.199096853,0.020607237,0.049849818,0.153273187,0.057180298,0.028476654,0.112080545,0.044597727,0.06558312,0.113209034,0.140693208,0.132712025,0.116196382,0.011903481,0.118017985,0.04427271,0.014232104,0.082741843,0.025792881,0.107494316,0.15212016,0.099309257,0.054737368,0.160139289,0.058317727,0.101424009,0.017352801,0.039218548,0.01391089,0.074678748,0.129017396,0.021348012,0.096026185,0.027455279,0.020806588,0.044001715,0.129226964,0.23831517,0.054834259,0.22381063,0.061210691,0.085317197,0.128572295,0.173029101,0.106593734,0.086354515,0.218836787,0.097395696,0.036656868,0.224863292,0.12337447,0.060653741,0.07199404
0.030770949,0.029488793,0.091231255,0.010821373,0.014179195,0.009594094,0.013971459,0.020894073,0.009222069,0.042445506,0.016842527,0.040799005,0.024864988,0.141251178,0.082316069,0.01975562,1,0.014055674,0.015974941,0.01838716,0.025226783,0.005566413,0.014638262,0.015280837,0.007217398,0.027634116,0.014015798,0.044291083,0.059016531,0.005353135,0.043073072,0.00702238,0.068009289,0.005124754,0.003383063,0.019681117,0.022998204,0.021619738,0.042787374,0.014215693,0.049209783,0.024856078,0.01069601,0.01413174,0.08597627,0.009452191,0.035207891,0.058041819,0.028043303,0.072002929,0.029706543,0.034970093,0.01091273,0.008633998,0.007599328,0.017208727,0.015611701,0.092535047,0.121200391,0.019819117,0.01518182,0.005068836,0.096091382,0.018601529,0.041963457,0.037747399,0.0047062,0.003562219,0.008568903,0.014402652,0.009366149,0.044111651,0.021688478,0.00330252,0.020798829,0.004739087,0.005462448,0.051396863,0.078379807,0.003156832,0.019478088,0.022697443,0.03611492,0.004768362
0.151838732,0.14969282,0.152707769,0.19089997,0.229803626,0.078526801,0.240812976,0.233898971,0.213024131,0.083369757,0.19660307,0.202962515,0.308494875,0.059185933,0.035553819,0.152958868,0.014055674,1,0.141147833,0.102884852,0.231758377,0.047472415,0.083296345,0.177217227,0.189023327,0.195967272,0.10506525,0.098092404,0.091805487,0.099635706,0.18029656,0.190149262,0.036624863,0.044381173,0.210947767,0.097561673,0.130465957,0.165920618,0.145265257,0.212484266,0.241822721,0.241746478,0.171506993,0.055705493,0.049429877,0.077018064,0.119587039,0.06887153,0.054663572,0.077461194,0.179763957,0.274532449,0.122330022,0.141116603,0.277903178,0.11261368,0.065115404,0.08718927,0.107261076,0.026188251,0.168807766,0.176768896,0.03565965,0.123517926,0.078623854,0.099901033,0.039043221,0.077812192,0.20561239,0.152710913,0.132956058,0.134033028,0.032784749,0.076205651,0.331441565,0.096514044,0.056479762,0.092887851,0.113425479,0.038802086,0.193982142,0.247452782,0.233861255,0.03879898
0.250370745,0.155017928,0.188784029,0.246128325,0.177473967,0.030035823,0.188339962,0.05880219,0.174666533,0.167473472,0.187791446,0.138827911,0.06041591,0.036099785,0.100218269,0.038356134,0.015974941,0.141147833,1,0.011815298,0.125803334,0.010811326,0.099111988,0.094294354,0.116071904,0.157625638,0.186265394,0.140141313,0.131186421,0.078651817,0.081981395,0.060952809,0.098409766,0.051679246,0.087924174,0.063056602,0.153726975,0.085257192,0.133865416,0.161681617,0.061322613,0.115294149,0.040672516,0.024310525,0.058159816,0.031714642,0.151111364,0.20298078,0.038514277,0.173542803,0.170879814,0.071054586,0.054999284,0.157126612,0.17362493,0.113092503,0.028755602,0.153758418,0.178294694,0.00497629,0.134930957,0.152470061,0.096815277,0.030200261,0.166166575,0.166336471,0.021985374,0.032242704,0.062722235,0.278725506,0.094022423,0.134741521,0.010219323,0.032894831,0.115815304,0.052661887,0.020286818,0.019961028,0.086113063,0.038219713,0.030331587,0.174293214,0.179547149,0.014076301
0.013380271,0.030104533,0.035836421,0.021037755,0.05449312,0.049357717,0.0340722,0.09698052,0.034298625,0.014267239,0.065255423,0.0439166,0.203950979,0.006553044,0.020976189,0.144396602,0.01838716,0.102884852,0.011815298,1,0.050777187,0.075613248,0.024526557,0.063775389,0.05070818,0.040945751,0.022710722,0.017018777,0.014728032,0.067380886,0.12339393,0.073855964,0.021508284,0.015194017,0.056979223,0.021657501,0.01697105,0.052558731,0.018694722,0.026817527,0.117326158,0.042771239,0.124719633,0.050437745,0.006828171,0.055884377,0.032117182,0.010763169,0.027817751,0.008272056,0.048848895,0.113737037,0.05153393,0.020812482,0.047259419,0.034889675,0.048644994,0.012023595,0.018323978,0.017720412,0.036964927,0.035751355,0.021748157,0.135135459,0.013963085,0.012595245,0.022899099,0.0516384,0.078408503,0.012388039,0.118484206,0.034902358,0.057917862,0.05242113,0.083232753,0.039134277,0.057313828,0.105996437,0.043662621,0.022114828,0.156637396,0.050451379,0.026218194,0.032832654
0.221395219,0.167285831,0.089159081,0.173013504,0.191870222,0.116418347,0.189279656,0.15594505,0.232651059,0.067907754,0.229413699,0.247312271,0.173758197,0.032330251,0.015500619,0.134298247,0.025226783,0.231758377,0.125803334,0.050777187,1,0.070569865,0.084607551,0.169953778,0.210675318,0.199680642,0.094736155,0.075860174,0.070330963,0.101282469,0.083862228,0.153370415,0.017760542,0.07084082,0.206216087,0.088536722,0.226666249,0.181178947,0.139178385,0.171793095,0.113739236,0.204495055,0.129175209,0.097091812,0.04812697,0.114455987,0.113664625,0.070770928,0.066597298,0.042509109,0.171692006,0.185483644,0.148809365,0.136007074,0.254531795,0.071756753,0.081094437,0.092225738,0.101388894,0.023467377,0.17600237,0.180667297,0.015151473,0.085872649,0.061690721,0.077297076,0.075006291,0.113904937,0.229290553,0.132809829,0.105828084,0.108430718,0.067260093,0.119128235,0.155122855,0.12402045,0.060526449,0.125124832,0.144512646,0.031774072,0.13346875,0.243004619,0.121360452,0.049327536
0.009843861,0.028780776,0.010284705,0.018932727,0.024579469,0.156501103,0.030729952,0.048508519,0.037632664,0.010781313,0.047706897,0.030458547,0.074955459,0.005975522,0.005379971,0.062462913,0.005566413,0.047472415,0.010811326,0.075613248,0.070569865,1,0.032875137,0.095686715,0.054168759,0.022955809,0.017066823,0.01010308,0.007843776,0.054998396,0.016771007,0.077211872,0.004382619,0.054168595,0.085103284,0.011442476,0.010768406,0.074539535,0.012796162,0.021482336,0.034776424,0.060053907,0.132959674,0.199815355,0.006451368,0.15356236,0.013499443,0.01080041,0.049840437,0.006185085,0.0377591,0.097516098,0.073475587,0.022857224,0.042261036,0.018190872,0.142762436,0.007884668,0.0119216,0.022808786,0.033588182,0.03402439,0.005654944,0.046253736,0.009964796,0.011058184,0.08185498,0.151072347,0.088917135,0.011580149,0.027570039,0.01287054,0.155457159,0.149506165,0.025004049,0.096001025,0.130383658,0.090409144,0.045304471,0.042887733,0.081788644,0.061605545,0.012541015,0.114617685
0.045997713,0.175956515,0.062279665,0.14987384,0.135903042,0.073649067,0.077382558,0.038424718,0.099129673,0.107117822,0.155348016,0.073802561,0.052425464,0.009988128,0.024810495,0.048812445,0.014638262,0.083296345,0.099111988,0.024526557,0.084607551,0.032875137,1,0.168308771,0.173217846,0.097839701,0.121164342,0.029759658,0.128366438,0.242558752,0.030977999,0.097485638,0.015826051,0.128644129,0.191343825,0.028155405,0.029285404,0.078404686,0.181746399,0.059985167,0.040257097,0.215739561,0.073091718,0.071225631,0.024009709,0.074897621,0.084116735,0.07568403,0.165243184,0.050366897,0.179416894,0.119076216,0.069614971,0.231762112,0.101803315,0.251074857,0.057809959,0.102623518,0.095382488,0.00847442,0.205341677,0.187257317,0.015722075,0.018354807,0.042482832,0.111519737,0.065155576,0.08425367,0.056058592,0.078397529,0.217723352,0.027950694,0.040335399,0.082560115,0.062051952,0.168122581,0.05238061,0.016318031,0.170375048,0.122024725,0.055285568,0.227774282,0.040229889,0.088256646
0.048100872,0.185446668,0.051019121,0.129510644,0.147881632,0.204844192,0.128396845,0.102780028,0.165439646,0.049123328,0.241874014,0.149631497,0.145189236,0.013975748,0.009608168,0.156564003,0.015280837,0.177217227,0.094294354,0.063775389,0.169953778,0.095686715,0.168308771,1,0.200710402,0.128854745,0.113771971,0.021287406,0.050003007,0.170518314,0.062833772,0.207488861,0.008737136,0.142383457,0.3079132,0.056555115,0.031747632,0.175616652,0.092586238,0.091955337,0.081503861,0.253848838,0.198360137,0.160675041,0.019664145,0.214947529,0.08443657,0.030077555,0.134323308,0.024755504,0.16978672,0.250978731,0.126585409,0.145809186,0.194469308,0.116173489,0.130804767,0.050005697,0.073284101,0.010089876,0.185196332,0.204417025,0.008422236,0.068634605,0.039091398,0.049417838,0.113171458,0.211426698,0.157274802,0.105448112,0.153323777,0.043070212,0.100149832,0.220620792,0.123465356,0.277037189,0.112598595,0.07626466,0.15970956,0.090422635,0.156313645,0.262018626,0.07096207,0.141315113
0.073394258,0.242397445,0.120372381,0.223906446,0.305919893,0.105825083,0.137097894,0.111217929,0.152587342,0.079446785,0.240396224,0.179908275,0.144644258,0.020403392,0.027119501,0.12348072,0.007217398,0.189023327,0.116071904,0.05070818,0.210675318,0.054168759,0.173217846,0.200710402,1,0.237765943,0.122047908,0.068114967,0.135218897,0.276928325,0.092844077,0.172659348,0.023822205,0.10655803,0.246534472,0.067609584,0.047153334,0.138570253,0.217055163,0.158000728,0.095744646,0.295067241,0.126379952,0.086210335,0.02821015,0.109287737,0.178608507,0.059563153,0.194688571,0.068972323,0.262979943,0.203122817,0.107932065,0.250316663,0.216097822,0.218401836,0.097457468,0.115762816,0.194434379,0.011877276,0.290890659,0.274733871,0.021061546,0.104467038,0.078376467,0.10401611,0.092016274,0.111682488,0.195060232,0.122677562,0.224494624,0.054132969,0.069969832,0.117630549,0.145077351,0.187282915,0.07585207,0.068572809,0.318320352,0.070620291,0.143061291,0.240722568,0.088453902,0.115678025
0.17572242,0.17562559,0.24023269,0.255250312,0.320511699,0.045552954,0.188998353,0.089194405,0.165203598,0.136109298,0.234740232,0.212235492,0.130797446,0.021409225,0.064768822,0.083352285,0.027634116,0.195967272,0.157625638,0.040945751,0.199680642,0.022955809,0.097839701,0.128854745,0.237765943,1,0.125862019,0.123795799,0.165204885,0.142356648,0.12082742,0.121907657,0.068227102,0.05464661,0.141115045,0.13251093,0.078456101,0.130333685,0.242964767,0.244341111,0.079565629,0.183614709,0.053055468,0.042327002,0.04633066,0.045090561,0.278976169,0.094382787,0.085252459,0.112182481,0.208226768,0.145529938,0.099221996,0.190848843,0.235824013,0.159369788,0.027971855,0.179344435,0.282855079,0.007282735,0.260729283,0.20447203,0.061181398,0.064476121,0.188024044,0.146701978,0.037061039,0.047561874,0.122073997,0.213351963,0.161777449,0.11645256,0.021883409,0.05066574,0.15915904,0.095879143,0.016551285,0.031750363,0.194184598,0.032127202,0.069300583,0.193697067,0.167680518,0.03134148
0.100520441,0.13497612,0.094531627,0.209418879,0.153223252,0.05330814,0.104873049,0.047455752,0.110107379,0.149526724,0.165555151,0.083438032,0.0515616,0.021779817,0.031548111,0.057211991,0.014015798,0.10506525,0.186265394,0.022710722,0.094736155,0.017066823,0.121164342,0.113771971,0.122047908,0.125862019,1,0.053007552,0.097078759,0.104754717,0.065720094,0.078753435,0.023993691,0.077378835,0.110148585,0.040802241,0.061266428,0.09390196,0.11570257,0.086251938,0.040163141,0.143685596,0.033797717,0.042268946,0.02893137,0.052346599,0.093173812,0.078915273,0.068861591,0.078139645,0.139705911,0.066748171,0.065434562,0.140908594,0.138780392,0.102319414,0.027716069,0.106759649,0.136091542,0.004407956,0.142696782,0.144864694,0.024096096,0.021231549,0.096508645,0.138714567,0.021394393,0.049020088,0.05019573,0.142550777,0.097218261,0.037366625,0.011818871,0.049111856,0.076642559,0.071974807,0.024306818,0.012004286,0.110197346,0.034626829,0.046385024,0.157687783,0.074877491,0.031525227
0.244293347,0.05845256,0.251702824,0.187646324,0.159656552,0.021278858,0.119673598,0.040186552,0.092357834,0.086049662,0.064879001,0.089888812,0.034705235,0.084793346,0.119025615,0.018018391,0.044291083,0.098092404,0.140141313,0.017018777,0.075860174,0.01010308,0.029759658,0.021287406,0.068114967,0.123795799,0.053007552,1,0.171542135,0.041480398,0.085226087,0.027570294,0.158613561,0.007675538,0.042819381,0.066032346,0.08730725,0.049516745,0.136909668,0.169041546,0.078648156,0.079709382,0.008539424,0.006798935,0.092487124,0.012702537,0.119078079,0.145357131,0.009497592,0.177404366,0.074874699,0.023507174,0.037388082,0.093604666,0.095752549,0.036240128,0.064746927,0.15576959,0.187402177,0.032221663,0.056045986,0.062071817,0.161861149,0.033905241,0.262252798,0.143085326,0.011681515,0.027135117,0.060699146,0.211892195,0.040419966,0.138910355,0.007239968,0.027991071,0.096222213,0.011334365,0.045827757,0.023185713,0.056255908,0.0345465,0.038596604,0.070345122,0.186288326,0.006435262
0.09775884,0.144354459,0.249077829,0.211968786,0.224331019,0.044783041,0.081901793,0.053976222,0.076848514,0.251232085,0.09877106,0.093554316,0.038012453,0.133957532,0.160758312,0.019246332,0.059016531,0.091805487,0.131186421,0.014728032,0.070330963,0.007843776,0.128366438,0.050003007,0.135218897,0.165204885,0.097078759,0.171542135,1,0.154530129,0.090057203,0.044751905,0.121642615,0.021835832,0.106160439,0.09147666,0.055147851,0.06183579,0.599315539,0.123717376,0.073954938,0.162071248,0.025014904,0.009663855,0.134909806,0.03569695,0.252882483,0.19099881,0.083713416,0.217144859,0.185970475,0.084787923,0.027825908,0.247463638,0.081776233,0.232911246,0.033117239,0.559735675,0.295662312,0.03852697,0.222187006,0.142038402,0.123751271,0.043800237,0.174677706,0.226325976,0.015630732,0.036119816,0.050686539,0.143776399,0.162309114,0.046513084,0.008344199,0.036804554,0.085992851,0.033542698,0.020677349,0.044247784,0.12809006,0.034720281,0.038728434,0.129941181,0.103623594,0.028906117
0.036922191,0.253630302,0.066064209,0.160587256,0.209411413,0.095389805,0.075213113,0.086100566,0.085428641,0.081387505,0.187787054,0.102317011,0.080414128,0.050602432,0.021603115,0.0919686,0.005353135,0.099635706,0.078651817,0.067380886,0.101282469,0.054998396,0.242558752,0.170518314,0.276928325,0.142356648,0.104754717,0.041480398,0.154530129,1,0.088987741,0.137919128,0.032595284,0.147525357,0.224031027,0.034803132,0.02313892,0.101908975,0.207206356,0.095443316,0.057246187,0.255075578,0.07840701,0.076053364,0.034043439,0.100561387,0.170668898,0.042784797,0.280866171,0.073643319,0.279244635,0.161494563,0.060784857,0.226353551,0.114027216,0.28049395,0.082495783,0.111075577,0.138166017,0.01101976,0.293966095,0.26646719,0.015216876,0.05122688,0.041258694,0.097588165,0.096654976,0.103049553,0.104257798,0.104600424,0.244306891,0.030664368,0.09422528,0.118097617,0.071289353,0.181741903,0.057263016,0.041830274,0.328004722,0.107672517,0.07183298,0.183544383,0.071666963,0.135488493
0.110351686,0.099257062,0.143293225,0.097109036,0.16109538,0.032578752,0.12632049,0.157419574,0.075078269,0.064337348,0.098234657,0.118255924,0.234121787,0.056655421,0.027874651,0.152227053,0.043073072,0.18029656,0.081981395,0.12339393,0.083862228,0.016771007,0.030977999,0.062833772,0.092844077,0.12082742,0.065720094,0.085226087,0.090057203,0.088987741,1,0.082044969,0.028874798,0.01429927,0.068416642,0.098836943,0.07796702,0.099108625,0.07396574,0.166131826,0.173143304,0.080501914,0.061038106,0.026055976,0.03705033,0.03713377,0.115174811,0.047179805,0.034329029,0.060443348,0.12182789,0.103686191,0.071048011,0.060009188,0.13422222,0.075088174,0.028759632,0.092319084,0.099829558,0.03025083,0.072414777,0.085383362,0.033675795,0.130886458,0.066976778,0.072975059,0.013709348,0.030770878,0.101615169,0.110249021,0.156260799,0.126361898,0.013846242,0.039006451,0.218251092,0.027202802,0.027118847,0.118570684,0.070476682,0.030580005,0.085905624,0.07210998,0.194943438,0.028702266
0.044714391,0.140881462,0.053774392,0.120317949,0.137283763,0.120507684,0.114534325,0.220528262,0.118436188,0.032677056,0.147284356,0.145234826,0.152835396,0.023468409,0.011890632,0.199096853,0.00702238,0.190149262,0.060952809,0.073855964,0.153370415,0.077211872,0.097485638,0.207488861,0.172659348,0.121907657,0.078753435,0.027570294,0.044751905,0.137919128,0.082044969,1,0.026920874,0.069471704,0.215479488,0.04197804,0.036584245,0.13302625,0.078121607,0.087701814,0.226818931,0.174755719,0.152076331,0.121645265,0.024695095,0.12937867,0.081811502,0.023577211,0.086983613,0.040217513,0.149742464,0.201588742,0.124493331,0.105525206,0.216846477,0.076911212,0.094676194,0.0380501,0.060541735,0.011758953,0.127401008,0.168269183,0.010271625,0.099612283,0.042726139,0.03864979,0.060355262,0.127846982,0.202006042,0.072063914,0.137109438,0.12268928,0.075125286,0.129141496,0.258918312,0.136218547,0.086056744,0.088776844,0.113689652,0.062255039,0.353703181,0.162197512,0.107652541,0.093781952
0.12511793,0.02176542,0.198202831,0.106204903,0.067491493,0.056737426,0.052610643,0.02594128,0.02391324,0.101406764,0.04417494,0.040446195,0.023717852,0.075799261,0.489813984,0.020607237,0.068009289,0.036624863,0.098409766,0.021508284,0.017760542,0.004382619,0.015826051,0.008737136,0.023822205,0.068227102,0.023993691,0.158613561,0.121642615,0.032595284,0.028874798,0.026920874,1,0.005556755,0.078406058,0.025316468,0.044759295,0.016428479,0.086963667,0.084877587,0.026654312,0.017155482,0.003533093,0.003577578,0.140479264,0.029534348,0.106558903,0.1689533,0.006970122,0.187100185,0.032742793,0.010967906,0.036082844,0.062773747,0.032588653,0.037822809,0.004695768,0.152652393,0.126381792,0.021662501,0.041033652,0.026807558,0.535167849,0.006488487,0.1816648,0.090291705,0.005714441,0.061985769,0.008700717,0.100085192,0.032666582,0.073572506,0.004466511,0.06266356,0.047102645,0.006333387,0.004775264,0.016140129,0.016649387,0.004624241,0.022825109,0.035858192,0.102700775,0.003856866
0.034408429,0.110950639,0.01620172,0.07477913,0.051032059,0.145862203,0.03937117,0.019927687,0.057844249,0.037359735,0.130800102,0.047735809,0.024693819,0.0202335,0.00601508,0.049849818,0.005124754,0.044381173,0.051679246,0.015194017,0.07084082,0.054168595,0.128644129,0.142383457,0.10655803,0.05464661,0.077378835,0.007675538,0.021835832,0.147525357,0.01429927,0.069471704,0.005556755,1,0.147881182,0.016764971,0.006763048,0.102935804,0.055917901,0.047777132,0.013804054,0.160077346,0.045563355,0.107410227,0.020561541,0.157526641,0.033805416,0.027039076,0.173749449,0.011008497,0.081722686,0.082852118,0.050107663,0.103623718,0.061570829,0.104129625,0.089982339,0.025913018,0.040611545,0.020452327,0.100315177,0.112031227,0.005054656,0.018083679,0.013106108,0.047255348,0.140782681,0.151045415,0.052316647,0.044253773,0.084033926,0.012377918,0.082145382,0.153344875,0.019464563,0.212746235,0.076093134,0.014973529,0.154402932,0.101418984,0.028933303,0.123129058,0.012569146,0.171730403
0.05856366,0.241209511,0.068834728,0.182458243,0.204117334,0.226943959,0.143043891,0.114760496,0.188756863,0.061735288,0.254930336,0.158740916,0.150516587,0.05355512,0.065429243,0.153273187,0.003383063,0.210947767,0.087924174,0.056979223,0.206216087,0.085103284,0.191343825,0.3079132,0.246534472,0.141115045,0.110148585,0.042819381,0.106160439,0.224031027,0.068416642,0.215479488,0.078406058,0.147881182,1,0.045541919,0.040966814,0.179864876,0.156259111,0.102174609,0.085331312,0.321580665,0.194058083,0.160621293,0.038815897,0.206089881,0.090706574,0.03313433,0.15971833,0.030694792,0.230412804,0.308264962,0.117085282,0.198427451,0.211173126,0.1741004,0.117751114,0.07025389,0.09894111,0.048871763,0.217836173,0.26708321,0.062709415,0.061476631,0.042767338,0.074021718,0.126372222,0.226954942,0.186596604,0.134114947,0.219374308,0.044621912,0.118198986,0.24713452,0.126161349,0.284700047,0.100747956,0.062015801,0.195394513,0.101619553,0.161615106,0.307178717,0.081469457,0.170490102
0.084739482,0.07857582,0.091645828,0.065172798,0.106833784,0.031193412,0.084809167,0.088814783,0.053211188,0.050618733,0.079363993,0.124039665,0.086489282,0.051700221,0.020956205,0.057180298,0.019681117,0.097561673,0.063056602,0.021657501,0.088536722,0.011442476,0.028155405,0.056555115,0.067609584,0.13251093,0.040802241,0.066032346,0.09147666,0.034803132,0.098836943,0.04197804,0.025316468,0.016764971,0.045541919,1,0.069006191,0.0725085,0.062390844,0.170977705,0.08224352,0.059854015,0.031667756,0.015702314,0.060995884,0.022213752,0.107077518,0.025608616,0.029358609,0.044849099,0.067676936,0.050048849,0.027369467,0.050486028,0.088059207,0.030469509,0.029971556,0.070282213,0.090726549,0.02751459,0.094436288,0.070435846,0.022993648,0.065082938,0.057742928,0.038234903,0.018481693,0.02687092,0.065479889,0.096340622,0.057801773,0.097985182,0.01257831,0.02823823,0.147621337,0.028875375,0.029376446,0.055259944,0.057334614,0.0072338,0.058487706,0.058833265,0.105755654,0.012138883
0.33719204,0.049021775,0.080478692,0.072199884,0.073101149,0.012524274,0.113326112,0.080545416,0.085016217,0.064765168,0.064864884,0.11865325,0.058754357,0.029438713,0.027880141,0.028476654,0.022998204,0.130465957,0.153726975,0.01697105,0.226666249,0.010768406,0.029285404,0.031747632,0.047153334,0.078456101,0.061266428,0.08730725,0.055147851,0.02313892,0.07796702,0.036584245,0.044759295,0.006763048,0.040966814,0.069006191,1,0.058162073,0.08086226,0.125063406,0.106455554,0.050028085,0.026786263,0.038500452,0.060547887,0.013587776,0.067752383,0.114706904,0.020854433,0.075772485,0.066279301,0.044739339,0.053991489,0.052279504,0.085079756,0.024297535,0.020364542,0.09431737,0.051629678,0.00729234,0.073389948,0.056565115,0.038284745,0.039800084,0.065518332,0.037878264,0.011543054,0.012539083,0.052904733,0.091265301,0.023869054,0.192195533,0.009044,0.014865286,0.146278543,0.013832315,0.021362504,0.026981257,0.033997361,0.008346185,0.034242044,0.068837776,0.172155832,0.006525096
0.086651814,0.112045589,0.081576238,0.122534658,0.137446571,0.090153203,0.165827279,0.097847841,0.140593554,0.08142433,0.228263346,0.175745395,0.091817162,0.02076338,0.014477932,0.112080545,0.021619738,0.165920618,0.085257192,0.052558731,0.181178947,0.074539535,0.078404686,0.175616652,0.138570253,0.130333685,0.09390196,0.049516745,0.06183579,0.101908975,0.099108625,0.13302625,0.016428479,0.102935804,0.179864876,0.0725085,0.058162073,1,0.089435124,0.12717688,0.081499005,0.150404602,0.081450733,0.065544963,0.024798194,0.092387516,0.107635799,0.032863269,0.072619244,0.02994862,0.114026789,0.134559892,0.194031325,0.104185155,0.165244516,0.082795041,0.042817116,0.048588252,0.078727849,0.025932442,0.152950956,0.127540278,0.014295644,0.040627959,0.044555755,0.086985825,0.0899855,0.095307687,0.150489833,0.137644939,0.090894425,0.098663511,0.050621579,0.098678329,0.124995627,0.121545925,0.048983417,0.051859762,0.120108006,0.034234924,0.094416468,0.188443029,0.091616966,0.062783777
0.126611021,0.168766565,0.215300209,0.262358161,0.277478896,0.04722219,0.111787703,0.051662139,0.113003301,0.20475618,0.165758249,0.12640191,0.074449203,0.073914351,0.108494793,0.044597727,0.042787374,0.145265257,0.133865416,0.018694722,0.139178385,0.012796162,0.181746399,0.092586238,0.217055163,0.242964767,0.11570257,0.136909668,0.599315539,0.207206356,0.07396574,0.078121607,0.086963667,0.055917901,0.156259111,0.062390844,0.08086226,0.089435124,1,0.137210044,0.055917526,0.196608168,0.035793235,0.036306899,0.116451957,0.046624371,0.27670379,0.154905966,0.103606691,0.157004961,0.217015639,0.122746083,0.062567543,0.311802361,0.126193835,0.35511948,0.047216651,0.535144785,0.286132088,0.017965983,0.316996132,0.203671312,0.082892884,0.025168787,0.157184879,0.195039829,0.035582707,0.038785905,0.085771861,0.154416851,0.222819822,0.054000612,0.015417781,0.048170768,0.123014295,0.073120702,0.046545826,0.033479681,0.200596243,0.045089856,0.052325885,0.185794701,0.093752159,0.039481816
0.211963295,0.121210241,0.212107707,0.179412407,0.225745817,0.031559259,0.227182716,0.114113312,0.138747317,0.108892914,0.175527226,0.203507425,0.156276938,0.042248615,0.069025592,0.06558312,0.014215693,0.212484266,0.161681617,0.026817527,0.171793095,0.021482336,0.059985167,0.091955337,0.158000728,0.244341111,0.086251938,0.169041546,0.123717376,0.095443316,0.166131826,0.087701814,0.084877587,0.047777132,0.102174609,0.170977705,0.125063406,0.12717688,0.137210044,1,0.130753047,0.121237126,0.052211017,0.020989367,0.044844942,0.030078639,0.187298308,0.090946476,0.031541604,0.112573669,0.149304624,0.1174535,0.06687967,0.150847081,0.219419207,0.081269931,0.033622514,0.151634514,0.186566999,0.009607382,0.141187799,0.125345971,0.076618453,0.080515118,0.153274174,0.14341841,0.032736442,0.035919699,0.136060329,0.212723224,0.112068275,0.207338248,0.016283689,0.039206662,0.225390701,0.045589698,0.013633028,0.049202905,0.102072502,0.047636654,0.079503659,0.149353782,0.23306383,0.018871698
